x <- c(0,1.2,8/5)
x